Lampadina								                        Fotodiodo	
V(V)	I(A)	 Err V(V)  Err I(A)  I^2(mA^2)	Err I^2(mA^2)  Rd(Ohm)		Err Rd(Ohm)     I(A)	        Err I(A)
0.0048	0.00256	 0.0001	   0.00001   6.5536	0.0512			        0.00000256	0.00000001
0.0088	0.00470	 0.0001	   0.00001   22.0900	0.0940	       1.869158879	0.1109267185	0.00000470	0.00000001
0.0120	0.00639	 0.0001	   0.00001   40.8321	0.1278	       1.893491124	0.1407513743	0.00000639	0.00000001
0.0166	0.00884	 0.0001	   0.00001   78.1456	0.1768	       1.87755102	0.09695960017	0.00000884	0.00000001
0.0220	0.01160	 0.0001	   0.00001   134.5600	0.2320	       1.956521739	0.08664146188	0.00001160	0.00000001
0.0279	0.01463	 0.0001	   0.00001   214.0369	0.2926	       1.947194719	0.07885937109	0.00001463	0.00000001
0.0335	0.01740	 0.0001	   0.00001   302.7600	0.3480	       2.02166065	0.08679899386	0.00001740	0.00000001
0.0392	0.02020	 0.0001	   0.00001   408.0400	0.4040	       2.035714286	0.08596938776	0.00002020	0.00000001
0.0454	0.02306	 0.0001	   0.00001   531.7636	0.4612	       2.167832168	0.08508973544	0.00002306	0.00000001
0.0503	0.02526	 0.0001	   0.00001   638.0676	0.5052	       2.227272727	0.1111570248	0.00002526	0.00000001
0.0564	0.02793	 0.0001	   0.00001   780.0849	0.5586	       2.284644195	0.0920198067	0.00002793	0.00000001
0.0622	0.03033	 0.0001	   0.00001   919.9089	0.6066	       2.416666667	0.1034722222	0.00003033	0.00000001
0.0687	0.03293	 0.0001	   0.00001   1084.3849	0.6586	       2.5	        0.09615384615	0.00003293	0.00000001
0.0756	0.03553	 0.0001	   0.00001   1262.3809	0.7106	       2.653846154	0.09733727811	0.00003553	0.00000001
0.0930	0.0413	 0.0001	   0.0001    1705.69	8.26	       3.01559792	0.1391888361	0.0000413	0.0000001
0.1054	0.0448	 0.0001	   0.0001    2007.04	8.96	       3.542857143	0.2595918367	0.0000448	0.0000001
0.1174	0.0479	 0.0001	   0.0001    2294.41	9.58	       3.870967742	0.3142559834	0.0000479	0.0000001
0.1398	0.0527	 0.0001	   0.0001    2777.29	10.54	       4.666666667	0.2361111111	0.0000527	0.0000001
0.1726	0.0578	 0.0001	   0.0001    3340.84	11.56	       6.431372549	0.2914263745	0.0000578	0.0000001
0.2143	0.0624	 0.0001	   0.0001    3893.76	12.48	       9.065217391	0.4376181474	0.0000624	0.0000001
0.2713	0.0668	 0.0001	   0.0001    4462.24	13.36	       12.95454545	0.6342975207	0.0000668	0.0000001
0.3310	0.0708	 0.0001	   0.0001    5012.64	14.16	       14.925	        0.79625		0.0000708	0.0000001
0.3891	0.0749	 0.0001	   0.0001    5610.01	14.98	       14.17073171	0.740035693	0.0000749	0.0000001
0.457	0.0792	 0.001	   0.0001    6272.64	15.84	       15.79069767	1.199567334	0.0000792	0.0000001
0.520	0.0835	 0.001	   0.0001    6972.25	16.70	       14.65116279	1.146565711	0.0000835	0.0000001
0.580	0.0875	 0.001	   0.0001    7656.25	17.50	       15	1.25	0.0000875	0.0000001
0.651	0.0921	 0.001	   0.0001    8482.41	18.42	       15.43478261	1.105860113	0.0000921	0.0000001
0.729	0.0971	 0.001	   0.0001    9428.41	19.42	       15.6	1.024	0.0000971	0.0000001
0.810	0.1021	 0.001	   0.0001    10424.41	20.42	       16.2	1.048	0.0001021	0.0000001
0.878	0.1062	 0.001	   0.0001    11278.44	21.24	       16.58536585	1.296847115	0.0001062	0.0000001
									
0.550	0.0856	 0.001	   0.0001    7327.36	17.12				
0.914	0.1085	 0.001	   0.0001    11772.25	21.70	       15.89519651	0.2261589215		
1.268	0.1279	 0.001	   0.0001    16358.41	25.58	       18.24742268	0.2912105431		
1.666	0.1475	 0.001	   0.0001    21756.25	29.50	       20.30612245	0.3092461474		
2.106	0.1672	 0.001	   0.0001    27955.84	33.44	       22.33502538	0.3282743693		
2.570	0.1863	 0.001	   0.0001    34707.69	37.26	       24.29319372	0.3590910337		
3.000	0.2028	 0.001	   0.0001    41127.84	40.56	       26.06060606	0.4370982553		
3.48	0.2199	 0.01	   0.0001    48356.01	43.98	       28.07017544	1.497896789		
3.88	0.2338	 0.01	   0.0001    54662.44	46.76	       28.77697842	1.852906164		
4.32	0.2488	 0.01	   0.0001    61901.44	49.76	       29.33333333	1.724444444		
4.68	0.2591	 0.01	   0.0001    67132.81	51.82	       34.95145631	2.620416627		
5.16	0.2736	 0.01	   0.0001    74856.96	54.72	       33.10344828	1.835909631		
5.57	0.2852	 0.01	   0.0001    81339.04	57.04	       35.34482759	2.33353151		
5.97	0.2962	 0.01	   0.0001    87734.44	59.24	       36.36363636	2.479338843		
7.32	0.33	 0.01	   0.01	     108900	    6600	       39.9408284	24.22534225		
7.93	0.35	 0.01	   0.01	     122500	    7000	       30.5	        31.5		
8.43	0.36	 0.01	   0.01	     129600	    7200	       50	        18		
9.02	0.37	 0.01	   0.01	     136900	    7400	       59		120		
9.55	0.38	 0.01	   0.01	     144400	    7600	       53		108		
9.95	0.39	 0.01	   0.01	     152100	    7800	       40		82		
10.47	0.40	 0.01	   0.01	     160000	    8000	       52		106		
10.90	0.41	 0.01	   0.01	     168100	    8200	       43		88		
11.40	0.42	 0.01	   0.01	     176400	    8400	       50		102		
11.90	0.43	 0.01	   0.01	     184900	    8600	       50		102		
12.51	0.44	 0.01	   0.01	     193600	    8800	       61		124		
12.93	0.45	 0.01	   0.01	     202500	    9000	       42		86		
13.38	0.46	 0.01	   0.01	     211600	    9200	       45		92		
13.89	0.47	 0.01	   0.01	     220900	    9400	       51		104		
14.39	0.48	 0.01	   0.01	     230400	    9600	       50		102		
14.93	0.48	 0.01	   0.01	     230400	    9600	       0		27		
15.22	0.48	 0.01	   0.01	     230400	    9600	       0		14.5		
15.56	0.49	 0.01	   0.01	     240100	    9800	       34		70		
15.87	0.48	 0.01	   0.01	     230400	    9600	       -31		60		
16.23	0.48	 0.01	   0.01	     230400	    9600	       0		0.05572755418		
16.54	0.47	 0.01	   0.01	     220900	    9400	       -31		60		
16.80	0.47	 0.01	   0.01	     220900	    9400	       0		0.07738095238		
16.89	0.00	 0.01	   0.01			               -0.1914893617	-0.03440470801		