0.0048	0.00015 0.0001 0.00001
0.0088	0.00015 0.0001 0.00001
0.012	0.00014 0.0001 0.00001
0.0166	0.00015 0.0001 0.00001
0.022	0.00016 0.0001 0.00001
0.0279	0.00014 0.0001 0.00001
0.0335	0.00015 0.0001 0.00001
0.0392	0.00015 0.0001 0.00001
0.0454	0.00014 0.0001 0.00001
0.0503	0.00014 0.0001 0.00001
0.0564	0.00014 0.0001 0.00001
0.0622	0.00014 0.0001 0.00001
0.0687	0.00015 0.0001 0.00001
0.0756	0.00013 0.0001 0.00001
0.093	0.00015 0.0001 0.00001
0.1054	0.00015 0.0001 0.00001
0.1174	0.00015 0.0001 0.00001
0.1398	0.00015 0.0001 0.00001
0.1726	0.00014 0.0001 0.00001
0.2143	0.00015 0.0001 0.00001
0.2713	0.00017 0.0001 0.00001
0.331	0.0005  0.0001 0.00001
0.3891	0.0027  0.0001 0.00001
0.457	0.00989 0.001  0.00001
0.52	0.02552 0.001  0.00001
0.58	0.00535 0.001  0.00001
0.651	0.00834 0.001  0.00001
0.729	0.01117 0.001  0.00001
0.81	0.0405  0.001  0.0001
0.878	0.01005 0.001  0.00001